cam0:
  cam_overlaps: [1]
  camera_model: pinhole
  distortion_coeffs: [-0.16363355131404958, 0.024447288975125492, 0.0035269298424967124,
    -0.00016831931785777645]
  distortion_model: radtan
  intrinsics: [673.2152547061862, 675.6874072922267, 643.6236030024152, 373.3575294247182]
  resolution: [1280, 720]
  rostopic: /zed/left/image_raw_color
cam1:
  T_cn_cnm1:
  - [0.9999346240199575, -0.0009897399284791995, 0.01139158026521012, -0.11984149252338853]
  - [0.0009182500815769101, 0.9999798640633774, 0.00627919458016517, 0.000141746902716706]
  - [-0.011397565654666555, -0.0062683237521578, 0.9999153982285122, -0.001072693741019303]
  - [0.0, 0.0, 0.0, 1.0]
  cam_overlaps: [0]
  camera_model: pinhole
  distortion_coeffs: [-0.1668530383046019, 0.026856532701483252, 0.0032982777991834903,
    -0.00038709703639574106]
  distortion_model: radtan
  intrinsics: [674.6106739054068, 676.5171189111119, 660.0623855796548, 366.43442884273503]
  resolution: [1280, 720]
  rostopic: /zed/right/image_raw_color
